307
546
807
895
1007
1055
1481
1502
1595
1631
1666
1926
2037
2127
2261
2376
2517
2574
3123
3151
3752
3862
4001
4019
4098
4495
4718
4783
5347
5370
5393
5680
5968
5980
6707
6724
6768
7370
7847
7849
7991
8128
8142
8209
8422
8472
8499
8588
8672
9017
9344
9575
9594
10179
10257
10272
10688
11894
11957
12021
12040
12163
12692
12834
13232
13756
13965
14864
14925
15315
15378
15518
16065
16258
16299
16719
16950
17368
17566
17834
17923
18225
18295
18302
18354
19127
19183
19203
19777
20014
20113
20292
20349
20460
20540
20819
21054
21420
21843
21943
21976
22055
22163
22328
22399
23047
23066
23078
23167
23234
23597
23693
23779
23785
23807
23881
24253
24332
24488
24552
24631
24650
24827
25303
25610
25751
26390
26715
27208
27268
27337
27348
28466
28498
28557
29176
29210
29721
29750
29805
29948
30034
30112
30120
30549
30607
30690
30836
31336
31561
31656
32016
32427
32461
32547
32661
33086
33301
33434
33453
33986
34407
34475
34620
34633
34911
34917
35073
35222
35245
35281
35876
35925
36018
36274
36900
37006
37361
37425
37529
37620
37835
38376
38661
38969
39111
39492
39497
39636
39870
40130
40260
40276
40767
41082
41534
41716
41868
41881
41974
42019
42227
42252
42344
42369
42460
42478
42560
42881
42941
43017
43252
43821
43830
43868
44457
44657
45113
45135
45230
45251
45306
45377
45390
45406
45412
45789
45803
46341
46370
46378
46556
46613
46694
46809
46827
47334
48170
48400
48495
48542
48765
48792
49129
49145
49303
49425
49442
49892
50171
50200
50273
50671
50905
50984
51043
51432
51712
52069
52322
53068
53195
53328
53740
53838
53876
53896
53921
54070
54260
54261
54277
54348
54617
54774
55007
55023
55411
55480
55612
55631
55643
55664
55718
56840
57176
57468
57536
57696
57819
58008
58307
58330
58446
58886
59211
59371
59399
59639
59657
59697
60218
60942
61822
61915
61970
63210
63210
63257
63450
63497
63681
63992
64113
64271
64456
64822
65256
65470
65988
66038
66057
66247
66272
66283
66375
66611
66634
66653
67052
67218
67736
67738
67914
68030
68114
68160
69263
69432
69467
69840
69850
69905
70629
70963
71011
71166
71600
71755
71870
72094
72121
72171
72232
72361
72732
72944
73507
73607
73663
73723
73751
74049
74169
74946
75451
75487
75759
76236
76261
76365
77028
77054
77396
77655
77784
77822
78155
78393
78654
78726
78769
78905
79110
79175
79318
79329
79538
79715
79813
79914
79985
80153
80204
80405
80817
81010
81082
81173
81734
81750
81871
82088
82189
82299
82647
82702
82988
83217
83266
83319
83407
83814
83821
83888
83908
84215
84951
85144
85159
85211
85483
85775
86018
86243
86384
86448
86533
86595
86641
87248
87469
87477
87584
87962
88062
88120
88393
88577
89092
89259
89280
89420
89467
89515
89590
91269
91510
91558
92283
92343
92622
92622
92664
92760
92959
93613
93632
93967
94303
94306
94322
94530
94699
95420
95437
95537
96043
96126
96334
96422
96561
97057
97234
97414
97468
97579
97599
97790
98105
98429
98436
98848
99927
100201
100231
100410
100468
100522
100710
101079
101319
101367
101978
102099
102249
102391
102391
102624
102653
103287
103332
103613
103883
104166
104349
104518
104550
104558
104711
104910
105005
105977
106264
106364
106651
106901
107527
107537
107612
107950
108647
108908
109047
109197
109430
109601
109609
109805
110229
110264
110474
110695
110814
110883
110960
111049
111346
111838
111877
112112
112260
112450
112461
112488
112891
112986
113469
113518
113523
113524
113562
113645
113679
113798
114087
114103
114447
114456
114507
114588
114592
114740
115078
115623
115931
116147
116319
116808
117014
117036
117306
117705
117993
118089
118132
118292
118340
118374
118798
118979
119175
119363
119790
119798
119914
120500
120601
120869
120980
121301
121797
122032
122045
122076
122433
122541
122617
122930
122946
122957
123610
123789
124028
124101
124175
124248
124537
124611
124767
124934
124951
125145
125158
125303
125627
125683
125825
125932
126076
126208
126343
126377
126405
126471
126513
126796
126949
127152
127250
127352
127797
127924
128200
128266
128372
128398
129004
129032
129775
129997
130074
130206
130785
130869
130943
131079
131844
131914
132475
132662
132884
133342
133781
133799
134220
134558
134735
135109
135333
135565
135610
135730
135783
136038
136059
136187
136193
136507
136677
137150
137298
137360
137600
137782
138296
138367
138439
138625
138679
138696
138729
138836
139106
139353
139849
140220
140272
140556
140570
140739
140846
141120
141318
141425
141549
141996
142115
142279
142527
142793
143092
143134
143258
143483
143670
143694
143906
144037
144110
144304
144672
144828
144898
145048
145134
145648
145720
145891
145999
146069
147043
147068
147332
148071
148278
148396
148426
148429
148552
148622
148670
148756
149150
149249
149460
149539
149922
149959
150062
150207
150292
150385
150449
150565
150759
151338
151389
151410
151417
151558
152111
152349
152515
152783
152831
152912
152976
152987
153670
154253
154431
154821
154986
155002
155042
155436
155508
156127
156805
156860
157247
157615
158217
158445
158539
158588
158840
158951
159203
159373
159425
159735
160187
160551
160632
160748
160812
160833
161315
161354
161591
161600
161670
161739
161868
162121
162146
162382
162733
162887
162930
163039
163293
163374
163427
163457
163712
163747
163803
163930
163950
164042
164698
164744
165180
165204
165509
165669
165848
165894
166077
166174
166880
168000
168426
168893
168895
169072
169394
169408
169509
169905
170200
170310
170734
170735
170774
170797
170864
170967
171137
171163
171393
171813
171824
172158
172345
172492
172617
172766
172836
172965
173139
173891
173939
173964
174081
174421
174432
174523
174675
174681
175172
175515
176313
176742
176763
176964
177005
177357
177392
177431
177655
177774
177827
178024
178194
178493
178554
178670
178707
178780
178801
178836
179108
179502
179604
179754
179783
179925
180044
180270
180577
180730
180895
181218
181353
181376
181429
181532
181830
182029
182264
182590
182731
183089
183604
183615
183910
183974
184226
184329
184383
184469
184753
184952
185135
185443
185638
186066
186236
186502
186636
187034
187259
187425
187748
187820
187858
187885
188145
188154
188383
188462
188511
188649
188659
189395
189464
189628
189684
189837
190274
190530
190786
190822
190865
191065
191265
191835
191927
191940
192138
192838
192860
192886
193004
193190
193413
193519
193771
193862
193885
193994
194100
194146
194185
194478
194692
194734
194757
194945
195197
195203
195691
195817
195953
195990
196206
196465
197337
197617
197728
197869
197945
197985
198166
198335
198979
199248
199268
199291
199723
199734
199829
200042
200281
200368
200756
200767
201149
201201
201889
202516
202846
203505
203511
203664
203701
203952
204416
204564
204744
205159
205162
205316
205574
205685
205851
205867
205954
206163
206174
206362
206752
206776
207201
207344
207631
207794
208085
208085
208347
208373
208512
208577
208628
208710
208782
209045
209478
209652
209972
210011
210078
210336
210523
210565
210991
211361
211565
211671
211829
212288
212380
212627
213072
213085
213371
213373
213726
213948
214548
214625
214860
215025
215047
215197
215559
215813
216152
216475
216676
217034
217642
217909
217997
218450
218479
218728
219325
219404
219920
219964
220063
220230
220367
220513
220574
220787
220847
220997
221039
221054
221104
221833
222273
222321
222335
222389
222696
223000
223192
223201
223301
223507
223623
223948
224077
224098
224240
224281
224311
224443
224729
225313
225818
226362
226497
226585
226632
226664
227498
227513
227569
227953
228554
228696
228738
228965
229018
229305
229425
229459
229642
229650
229839
230070
230175
230249
230723
230842
231065
231313
231374
231506
231552
232062
232207
232281
232370
232439
232443
232470
232901
233058
233492
234060
235040
235166
235286
235300
235406
235602
235700
235806
236192
236266
236282
236333
236587
236864
236993
237197
237217
237693
237812
238162
238289
238524
238836
239599
239630
239670
240308
240863
241149
241277
241939
241949
241953
241963
242098
242111
242279
242359
242498
242550
242578
242883
242998
243914
245281
245450
245543
245644
246142
246599
246804
246937
247197
247205
247525
247700
247803
247807
247880
247982
248078
248560
248700
248756
248808
248914
248968
249250
249408
249435
249592
249850
249869
249895
250257
250532
250578
251193
252231
252481
252665
252666
252805
253115
253258
253693
253723
253904
254069
254074
254192
254338
254620
254629
255243
255334
255686
255819
256354
256396
256475
256487
257109
257373
257416
257423
257521
257745
257941
258183
258303
258353
258586
258655
258925
258987
259126
259238
259291
259393
259605
259866
259930
260103
260124
260345
260563
260788
260923
261019
261243
261812
261830
261905
262111
262194
262529
262656
262700
262719
262794
263375
263990
264106
265023
265274
265290
265450
265691
265933
265953
266175
266417
266439
266740
266813
267011
267321
267498
267510
267644
267794
268044
268817
268883
269133
269302
269476
269509
269542
269543
269666
269775
270138
270188
270200
270431
270437
270761
271118
271160
271274
271966
272079
272398
273470
273526
273683
273745
273953
274403
274421
274687
275122
275143
275176
275395
275677
276010
276028
276035
276856
276964
277567
277659
277755
277805
277936
278016
278680
278736
279121
279464
279593
279858
280170
281011
281109
281399
281440
281670
282121
282634
282730
283399
283419
283438
283596
283674
283839
284416
284420
284647
284998
285241
285270
285302
285325
285338
285339
285721
285747
286274
286660
286705
286716
286810
287001
287115
287415
287586
287694
287808
288181
288409
288461
288517
288680
288774
288850
288900
289290
290024
290047
290152
291034
291218
291304
291330
291585
291640
291748
292029
292053
292214
292316
292338
292374
292677
292799
292836
293882
294017
294122
294281
294582
294712
294821
294902
294982
295101
295166
295257
295305
295389
295495
295928
296118
296303
296528
296629
296659
296693
296725
296811
296828
297125
297254
297561
298038
298171
298304
298434
298994
299127
299216
299384
299492
299770
299942
300088
300186
300603
300748
300761
300788
301000
301150
301381
301645
301694
301719
301769
301837
301986
302034
302058
302163
302365
302367
302659
302834
302906
304046
304526
304741
304760
305060
305079
305617
305748
305869
306081
306101
306397
306416
307049
307052
307128
307379
307411
307745
307942
308073
308140
308316
308584
309062
309091
309111
309333
309506
309591
309894
310064
310429
311209
311511
311551
311622
311668
312017
312098
312288
312674
312715
312884
313004
313017
313053
313075
313183
313675
313804
313896
314035
314143
314260
314503
314600
314667
314706
314801
314824
314950
315076
315183
315257
315315
315334
315379
315432
316137
316416
316761
316770
316771
316845
317326
317426
317521
317607
317940
318008
318393
318410
318412
318460
318587
318847
319182
319987
320270
320307
320383
320530
320799
320908
321027
321030
321147
321580
321710
321777
322318
322500
322560
322788
322959
323193
323298
323373
323402
324701
324768
324817
325225
325254
325696
326082
326586
326893
327135
327197
327213
327734
327800
327976
328108
328848
328964
329077
329150
329325
329530
329627
329873
329894
330021
330164
330343
330350
330480
330598
330749
330802
331003
331158
331447
331477
331871
332167
332540
332571
332650
332888
332897
333083
333410
333425
333900
334246
334481
334528
335317
335809
336006
336099
336479
336671
337282
337529
337832
337968
338200
338454
338643
339015
339044
339094
339163
339313
339364
339420
339801
339811
339973
340000
340018
340115
340329
340348
340495
340506
340617
341018
341163
341821
341922
342022
342026
342432
342470
342652
343698
343707
343979
343999
344015
344379
344468
344526
345020
345266
345310
345610
345652
345667
345672
346583
346588
346606
346783
346798
346974
347278
347369
347486
347528
347554
347589
347793
347822
347875
347933
348582
348779
348859
348911
348931
348955
349155
349252
349399
349607
349672
349985
350244
350302
350412
350870
351059
351629
352056
352598
352960
353021
353389
353430
353896
353958
354129
354457
354466
354539
354655
354892
355006
355016
355224
355387
355408
355770
356066
356492
356602
356834
357339
357403
357564
357602
357813
357986
358034
358208
358222
358279
358773
358940
359447
359541
359806
359837
360171
360261
360300
360902
360990
361265
361313
361316
361661
362128
362183
362546
362805
362970
363274
363323
363373
363751
363825
363924
364398
365086
365213
365354
365359
365683
366683
367025
367165
367300
367390
367413
367616
367631
367706
368104
368700
368747
369169
369274
369684
369936
370097
370503
370836
371168
371526
372339
372373
372682
372799
372804
373213
373506
373527
373694
373866
373953
374036
374058
374063
374240
374396
375083
375282
375401
375688
375717
375767
375848
376005
376033
376215
376588
376776
377242
377256
377326
377791
378021
378031
378144
378304
378490
378914
379015
379348
379507
379683
379963
380005
380110
380643
380674
380874
381053
381191
381571
381888
381952
382332
382832
382836
382945
383125
383244
383516
383743
383795
384042
384111
384865
385086
385579
385777
385813
385921
386258
386297
386475
386480
386536
387108
387267
387329
387342
387438
387623
388169
388337
388818
389852
390135
390211
390448
390840
391042
391172
391552
391616
392127
392203
392829
392960
393268
393275
393359
393363
393380
393663
393742
394210
394386
394584
394690
394759
394950
395325
395357
395358
395532
395595
395656
396227
396673
396901
396930
397253
397301
397456
397474
397613
397695
397708
397752
398031
398111
398484
398553
399081
399231
400206
400287
400493
401039
401040
401393
402041
402063
402250
402302
402315
402476
402529
402808
403524
403781
404044
404164
404300
404634
404692
404719
404767
404816
405114
405165
405384
406430
406653
406655
407486
408049
408134
408433
408541
408545
408691
408812
409176
409526
409629
409694
409706
409925
410002
410118
410153
410238
410259
410375
410839
410857
410967
411372
411511
411593
411682
411814
411904
412116
412169
412268
412450
413134
413150
413468
413502
413888
413999
414321
415220
415701
415715
415873
415962
416520
416594
417051
417062
417451
417593
417775
417832
417942
418177
418704
419335
419372
419525
420136
420337
420442
420568
420660
421023
421182
421774
421807
421868
421888
422090
422118
422491
422531
422546
423269
423402
423733
423770
424096
424116
424133
424217
424840
424993
425964
426538
426620
426654
426656
426693
426961
427381
427408
427431
427716
427764
427778
427837
427934
428121
428181
428699
428942
429078
429449
429561
429671
429713
430118
430256
430282
430385
430396
430419
430598
431659
432394
432424
432767
433010
433253
433671
433716
434131
434264
434313
434425
434775
434779
434921
435092
435118
435213
435881
436115
436218
436256
436413
436517
436584
436639
436763
436839
436899
437178
437472
437583
438171
438267
438466
438491
438797
438857
438892
438907
439164
439558
439605
440160
440264
440343
440357
440611
440675
440818
440947
441232
441278
441442
441695
442006
442061
442545
442667
442855
443032
443129
443224
443271
444061
444123
444281
444359
444605
444663
444940
444945
444991
445011
445067
445172
445197
445591
445758
445758
445845
445872
446514
446715
446894
446952
447084
447233
447499
447749
447908
448091
448215
448345
448563
448797
448853
449184
449411
449450
449502
449539
449733
449831
449836
450088
450222
450226
450591
450608
450723
450904
450936
450987
451132
451535
451545
451769
451847
451849
452086
452146
452516
453411
453580
453719
454045
454215
454234
454458
454507
454617
454755
454833
455066
455416
455680
455748
455799
455839
456087
456239
456299
456324
456376
456438
456649
456691
457158
457224
457451
457764
457778
457905
458353
458488
458787
458890
459036
459229
459343
459390
459446
459449
459581
459661
459695
460063
460170
460199
460268
460349
460433
460769
461100
461190
461244
461575
461821
461967
462077
462227
462273
462542
462571
462740
462848
463242
463252
463281
463468
464406
464594
465644
465741
465768
465904
466061
466152
466167
466179
466520
466843
466867
467065
467494
467536
468049
468365
468370
468403
468878
469015
469091
469183
469329
469439
469751
469794
469926
469959
470042
470148
470403
470503
470522
470524
471024
471251
471607
472253
472465
472719
472743
472765
473019
473116
473536
473840
474101
474213
474369
475102
475404
475502
475524
475660
475796
476232
476383
476820
477367
477388
477451
477593
477700
477914
477937
477939
477962
477997
478084
478263
478596
478724
478776
478794
479503
479504
479557
479697
479757
479840
479908
479913
480011
480068
480833
480940
480971
481258
481413
481462
481489
481545
481575
481607
481700
481703
481724
481849
481860
482061
482084
482608
482972
483015
483229
483256
483315
483339
483497
483510
483889
483986
484025
484144
484153
484303
484379
484925
485367
485392
485494
485738
485893
486052
486082
486164
486378
486538
486640
486708
486758
487151
487260
487319
487361
487474
487767
488067
488088
488269
488696
489217
489402
489547
489872
490745
491155
491665
491714
491881
492043
492059
492307
492357
492536
492732
493057
493204
493297
493539
493720
493749
493852
494054
494146
494533
494602
494622
495311
495499
495568
496176
496275
496291
496444
496538
496572
496656
496888
496950
497101
497141
497219
497365
497536
497719
498076
498359
498409
498428
498450
498470
498644
498682
498743
498824
499011
499136
499227
499503
500735
500955
500965
500974
501076
501303
501616
501648
501736
502195
502229
502244
502273
502446
502567
502666
502935
503562
503853
503934
503959
504051
504072
504282
504510
504972
505137
505264
505638
505727
506630
507535
507647
507871
508963
508977
509182
509696
509855
509937
510405
510552
510573
510653
510723
511055
511123
511169
511242
511375
511435
511740
511982
511987
512118
512144
512965
513118
513379
513407
513499
513881
514240
514274
514373
514435
514848
515081
515129
515218
515442
515539
515729
515772
515846
516175
516262
516538
516799
516837
517134
517479
517583
517610
517772
517860
517928
518644
518706
518990
519048
519795
520461
520565
520702
520725
520966
521899
521971
522156
522290
522308
522586
523609
524311
524505
524591
525003
525039
525348
525469
526011
526182
526440
526729
526809
526894
526940
527343
527583
528058
528106
528484
529160
529389
529945
529962
530382
530802
531309
531441
531619
532137
532180
532262
532315
532673
533134
533180
533224
533262
533311
533406
533852
534805
535218
535221
535394
535407
535555
536682
536784
536884
536982
536992
537170
537290
537639
537876
537929
538054
538072
538133
538302
538581
539345
539412
539793
540007
540131
540145
540189
540381
540566
540783
541038
541166
541293
541479
541728
541970
542076
542089
542171
542295
542323
542376
542378
542577
542587
542679
542734
542780
542843
542990
543058
543123
543147
543245
543263
543277
543470
543490
543611
543696
543745
543794
543808
543940
544057
544408
544511
544533
545116
545488
545497
545666
545892
545983
546159
546362
546614
546645
547039
547316
547648
547804
548394
548413
548656
548721
549047
549230
549520
549902
549945
550022
550130
550446
550497
550902
551161
551428
551550
551636
552115
552293
552443
552473
553159
553200
553551
553558
553887
553896
554103
554114
554128
554163
554197
554257
554265
554390
554611
554657
554940
555053
555711
555842
555868
556000
556151
556657
556720
556876
556877
556988
557018
557243
557342
557642
557657
557836
558208
558963
558972
559056
559081
559084
559151
559169
559219
560133
560182
560675
560794
561003
561212
561404
561468
561534
561738
561817
562059
563046
563308
563333
563702
563856
564346
564484
564904
565177
565224
565528
565620
565732
565972
567244
567381
567455
567628
567867
567912
567965
568080
568090
568129
568193
568394
568528
568969
568989
570135
570142
570636
570938
570995
571131
571429
571489
571601
571674
571747
572428
572533
572820
573013
573215
573565
573945
573973
574193
574304
574343
574352
574576
574584
574972
575106
575176
575287
575358
575477
575550
575946
575991
576250
576349
576581
576725
576819
576841
576897
576920
577006
577030
577559
577648
577689
578250
578436
578471
579112
579179
579200
579354
579530
579600
580179
580572
580872
581222
581422
581535
582252
582296
582624
582801
582921
583253
583256
583272
583802
583868
584140
584566
584695
585143
585276
585284
585316
585549
585576
585682
586085
586937
586992
587158
587271
587467
587574
587859
588057
588189
588459
588502
588708
588737
588784
589235
589249
589375
589471
589624
589706
590155
590453
590630
590742
590827
591353
591355
592277
592820
592947
593151
593273
593288
593511
593606
593641
593827
593912
594012
594345
594405
594500
594621
594766
594863
594923
595862
596551
596721
596820
596988
597127
597223
597376
597732
597914
597957
598044
598189
598281
598347
598416
598611
598639
598663
598705
598875
598897
599249
599449
600155
600171
600306
600828
600846
601222
601671
601718
601823
602192
602443
602624
602664
602712
602719
603685
603940
604039
604152
604220
604247
604396
604561
604587
604734
605102
605139
605194
605266
605345
606478
606590
606950
607088
607149
607164
607333
607854
607873
608051
608238
608267
608378
608516
608586
608787
609056
609478
610005
610349
610564
610641
610801
610971
611096
611826
611836
612073
612365
612963
613443
613457
613751
613786
614228
614373
614474
614707
614911
614934
615558
615752
615832
615975
616030
616202
616260
616301
616969
616992
617235
617482
618004
618136
618158
618182
618321
618630
618715
618882
618963
618967
619026
619089
619215
619237
619307
619533
619727
619888
620016
620364
620421
620456
620677
621269
621366
621950
622638
622772
622789
623345
623534
623588
623849
624174
624338
624770
624906
624997
625008
625067
625470
625475
625574
626399
626495
626518
626716
626810
627197
627354
627355
627445
627678
627709
628209
628704
628855
629100
629447
629808
629845
629940
630018
630027
630040
630152
630765
630783
630796
631026
631082
631533
631776
631801
631951
632265
632331
632721
632806
632855
633009
633875
633879
633983
634037
634245
634543
634608
634855
635104
635419
635484
635811
635848
636202
636316
636325
636422
636972
637011
637101
637109
637258
637296
637393
637411
638005
638030
638030
638433
638468
638806
638991
639875
640248
640714
641159
641692
641871
642170
642408
642526
642738
643065
643123
643167
643344
643622
643666
643704
644043
644148
644746
645008
645358
645411
645445
645446
645579
645866
646185
646412
647070
647171
647242
647557
647633
647763
648050
648062
648215
648392
648678
648696
648782
648839
649411
649796
649851
649864
650170
650199
650253
650382
650394
651022
651065
651100
651207
651336
651592
651643
651680
651833
651994
652127
652257
652342
652374
652441
652447
652483
652804
652846
652855
653047
653244
653312
653680
654086
654262
654510
654666
654728
654744
654895
655059
655172
655733
656007
656079
656408
656550
656747
656926
657128
657414
657512
657675
657756
657871
657948
657960
658089
658286
658293
658420
659012
659585
659702
660158
660171
660171
660255
660258
660527
660612
660721
660794
660880
661115
661338
661593
661629
661854
662255
662632
662795
663249
663427
663481
663594
663840
664026
664261
664872
664876
665150
665369
665494
665588
666276
666345
666567
666581
666607
666609
666962
667144
667242
667319
667872
668091
668157
668252
668776
668813
669121
669194
669575
669861
670199
670276
670555
670602
670626
670784
670823
670897
670963
671106
671492
671623
671938
671940
672111
672129
672237
672429
672508
672748
672965
673073
673140
673289
673668
673894
674087
674144
674198
674410
674760
675478
675497
675561
675630
675808
676091
676609
676921
676979
676990
677141
677202
677270
677777
677818
678316
678704
679036
679096
679161
679218
679237
679425
679584
679596
679598
680140
680692
681042
681093
681121
681793
681891
681926
682154
682175
682239
682270
682321
682352
682387
682432
682604
682663
682807
682868
682994
683248
683283
683623
684161
684473
684530
684542
684666
684719
685324
685522
685530
686282
686292
686363
686451
686553
686701
686724
686871
687047
687110
687259
687490
687757
687936
688149
688239
688250
688381
688698
689155
689224
689237
689603
689736
690142
690378
690794
690810
690871
690874
690957
691295
691386
691397
691645
691785
691850
692556
692850
693025
693031
693125
693373
693575
693598
693755
693768
693850
693959
693981
694297
694636
695732
696468
696833
696869
697290
697325
697411
697856
698006
698052
698425
698755
698768
698899
698920
699091
699107
699142
699443
699590
699916
700208
700689
700777
701004
701476
701634
701802
702043
702240
703317
703361
703367
703635
704059
704202
704245
704813
705022
705154
705209
705409
705586
706001
706353
706814
707124
707187
707230
707589
707618
708134
708419
708421
708433
708555
709102
709141
709217
709315
709359
709925
710194
710233
710419
710530
710563
710714
710840
710883
711052
711080
711111
711241
711319
711685
711998
712117
712200
712297
712487
712933
713038
713078
713129
713290
713420
713530
713598
713600
713609
714074
714130
714173
714400
714400
714556
714729
714969
714981
715248
715314
715492
715515
715523
715608
715845
715867
715873
715973
716063
716084
716238
717033
717090
717557
717745
717811
718023
718204
718251
718265
718574
718729
718911
718933
719511
720430
720528
720535
720766
720994
721283
721458
721505
721517
721672
721701
723693
723816
723825
723858
724140
724277
724363
724484
724491
724599
724859
724986
725071
725175
726118
726203
726266
726283
726315
726872
727056
727172
727317
727342
727517
727850
728674
728706
728892
729375
729551
729678
729838
730007
730487
730769
730778
730883
730912
731171
731747
731783
731994
732637
733227
733286
733305
733578
733873
734311
734374
734449
734882
735179
735387
735418
735758
735863
736022
736061
736753
736903
737006
737287
737686
738018
738571
738664
738805
738843
739268
739280
739296
739315
739344
739763
740170
740295
740858
740914
740935
740971
741225
741389
741540
741619
742371
742371
742542
742565
742686
742761
742769
742843
742912
742965
743042
743352
743599
744120
744128
744366
744396
744645
745114
745193
745479
745516
746109
746230
746430
746437
746665
746896
747279
747289
747391
747414
747717
747744
747897
747914
748004
748335
748404
748510
748823
748840
748895
748917
748941
749000
749046
749604
749649
749781
749801
749906
749948
750571
750759
751293
751652
751675
751706
752143
752509
752542
752835
752991
753061
753069
753392
753746
753804
753886
754040
754238
754459
754648
755357
755462
755486
755746
755784
756296
756353
756732
756932
757065
757158
757439
757593
757881
757963
758365
758475
758805
759231
759252
759370
759648
759821
760209
760288
760427
760701
761542
762056
762488
762502
762556
762685
762757
762782
762875
762889
762936
763364
763510
763929
764282
764403
764516
764523
764589
764854
765148
765634
765884
766211
766279
766610
767131
767256
767702
767870
767997
768022
768341
768433
768582
769026
769343
769364
769370
769428
769589
769661
769760
769773
770093
770284
770423
770669
770858
770902
771133
771364
771418
771933
772156
772285
772375
772450
772460
772462
772631
772972
772988
773789
773915
773943
774097
774269
774289
774313
774414
774525
774950
775410
775508
775835
775904
776355
776420
776656
776780
777427
777643
777673
777720
777882
778093
778155
778379
778667
778671
778721
778769
779005
779064
779549
779729
779782
779990
780018
780138
780415
780779
781422
781709
781783
781921
782036
782098
782252
782546
782656
782899
783509
783583
783758
784082
784546
784563
784655
785010
785022
785289
785390
785544
785865
785938
786040
786070
786208
786494
786538
786731
787253
787681
788037
788278
788292
788699
788788
789085
789155
789601
789722
789792
790157
790215
790254
790281
790676
790792
791127
791354
791535
791622
791685
791980
792027
792045
792193
792501
792535
792914
793358
793863
794046
794051
794423
794445
794559
795024
795060
795206
796074
796153
796419
796635
797021
797468
797493
797569
797628
797661
797751
797753
797774
798062
798070
798196
798318
798521
798658
798751
798768
798834
798863
799798
799805
799933
800163
800341
800563
800599
800651
800925
800935
801299
801466
801630
801777
801817
802018
802262
802341
803381
803505
803510
803829
803878
804238
804351
804983
805133
805195
805225
805301
805513
805754
806161
806204
807048
807585
807677
807815
808299
808766
809725
809735
809890
809929
810006
810288
810374
810686
810902
811280
811528
811818
811835
812150
812195
812772
812810
812819
813102
813123
813203
813230
813253
813480
813710
813803
814010
814045
814076
814220
814238
814299
814307
814373
814474
814530
814941
815103
815225
815486
815495
815527
815582
815737
815846
816163
816273
816694
817210
817431
817471
817781
817901
817925
817960
817990
818184
819080
819119
819370
819513
819613
819779
819822
819836
819920
820275
820332
820504
820551
820716
821032
821067
821268
821429
821552
821614
822139
822204
822288
822295
822419
822777
823199
823257
823757
823821
824345
824451
824536
824631
825103
825227
825338
825374
825381
825401
825495
826140
826324
826370
826492
826602
827188
827642
827991
828631
829170
829792
829886
829926
829926
830014
830066
830259
830554
830955
831234
831358
831449
831605
831690
831739
831918
832033
832213
832311
832433
832574
832639
832688
833093
833794
833815
833921
834307
834635
834742
834791
834924
834964
835274
835423
835513
835749
835755
836141
836160
836266
836317
836488
836551
836634
836653
836731
836845
837123
837551
837925
838140
838168
838192
838286
838427
838923
838948
839134
839168
839190
839668
839846
839862
839871
840099
840315
840379
840390
840596
840765
840922
841341
842172
842435
842518
842562
842961
843149
843804
843809
843862
844393
844403
844560
844626
844664
844693
845970
846011
846022
846044
846283
846406
846634
846719
846936
847100
847160
847754
848164
848356
848447
848459
848551
849152
849166
849288
849516
849605
849995
850570
850731
850807
850891
851317
851578
851721
851814
851951
851969
852017
852181
852205
852414
852737
853055
853204
853744
854134
854173
854979
855328
855373
855489
855578
855880
856060
856199
856366
856452
856796
857469
857794
858311
858516
858592
859185
859383
859669
859689
859811
859885
859944
859960
860056
860456
861102
861373
861397
861494
861573
861589
861602
861680
861791
861796
861962
862062
862614
863570
863679
863725
864336
864729
865176
865204
865217
865260
865706
865745
866122
866144
866571
867056
867342
867470
867470
867611
867616
867852
868055
868133
868479
869275
869410
869410
869418
869755
869846
869887
870283
870291
870308
870684
870805
871307
871632
872166
872346
872377
873255
873334
873541
873773
873773
873871
873937
874042
874144
874252
874515
874716
874960
874981
875049
875090
875226
875311
875352
875385
875414
875780
875928
876027
876171
876279
876669
876750
876843
876936
876940
877146
877422
877573
877610
877972
877995
878170
878180
878196
878291
878390
878670
878891
878932
879111
879214
879519
879520
879538
879615
880219
880563
880647
881109
881637
881874
882012
882241
882463
882584
882617
882780
882981
883135
883314
883592
883968
883987
884033
884034
884358
884624
884741
885009
885015
885199
885361
885430
885599
885838
886047
886169
886245
886722
886758
886933
887110
887253
887329
887640
887770
887970
888123
888456
888592
888735
888747
888888
888910
888921
889251
889383
889548
889653
890118
890279
891096
891300
891459
891610
892001
892150
892247
892322
892743
892777
892777
892934
892969
893141
893684
894140
894609
895407
895535
895564
895627
895688
895746
896010
896170
896395
896733
897704
898095
898163
898718
898785
898882
898906
898933
898946
898960
899006
899021
899058
899131
899255
899559
899901
899987
900171
900486
900543
900796
900824
900979
901286
901789
901806
902015
902095
902150
902717
902744
902815
902842
902941
903192
903202
903309
903316
903653
903779
904179
904279
904516
904889
904989
905059
905120
905226
905358
905448
905588
905799
905825
906356
906581
906679
906791
907093
907403
907524
908175
908314
908458
908678
909038
909140
909674
910138
910209
910795
910810
910920
911392
911478
911723
911789
911942
912227
912283
912575
912666
912988
913170
913249
914073
914240
914295
914756
914901
915258
915279
915375
915626
915642
915966
916030
916231
916271
916291
916470
916503
916557
916684
916887
916978
917207
917312
917792
918183
918266
918495
918672
919604
919642
919723
919870
919882
920283
920457
920503
920772
921266
921267
921567
921634
921781
922131
922212
922398
922437
922464
922604
922989
923330
923773
923963
924078
924277
924711
924920
925368
925497
925750
925793
925811
925860
926444
926586
926687
926702
927542
927685
928358
928429
928572
929148
929225
929300
929633
929952
929966
929991
930151
930507
930574
930644
930681
931072
931657
931722
931997
931997
932446
932512
932543
932824
933079
933197
933630
933849
933912
934056
934088
934340
935251
935807
936242
936335
936796
936849
936920
937147
937196
937575
938016
938163
938371
938474
938633
938754
938830
938847
938945
938983
939559
939568
940266
940793
940817
941090
941386
941544
941646
941660
941998
942041
942143
942623
942685
943018
943101
943594
943892
943925
943954
943967
943999
944158
944568
944653
944760
945189
945828
945955
947354
947551
947600
947757
947864
948257
948427
948432
948512
949190
949788
949936
950059
950612
950823
951057
951150
951587
951632
952036
952108
952265
952402
952621
952951
953026
953441
953570
953679
953972
953987
954003
954375
954766
955044
955052
955077
955308
955426
955662
955681
955805
956311
956425
956482
956484
956573
957011
957049
957326
957485
957576
957801
957902
957962
957996
958365
958456
959250
959391
959445
959834
959843
960143
960642
960995
961138
961242
961252
961367
961421
961464
961714
961904
961906
961916
962003
962072
962164
962459
962460
962692
962724
962806
962853
962873
962924
963063
963991
964571
964651
964778
965000
965017
965147
965226
965677
966037
966127
966547
966622
967009
967032
967357
967418
967537
967557
967656
967948
968166
968172
968548
969086
969393
969498
969633
970002
970545
970569
970593
970898
971182
971236
971303
971437
971440
971482
972132
972487
972668
973430
973434
973480
973624
973980
974419
974435
975164
975331
975692
975728
975800
976880
977085
977313
977505
977513
977723
978775
978883
979099
979599
979640
979871
979910
980293
980632
980653
980842
981184
981494
981598
981806
981883
981927
982155
982173
982195
982243
982310
982632
982786
983027
983066
983383
983403
983833
984144
984221
984319
984347
984746
984749
984981
985177
985488
985576
985609
985838
985978
986287
986348
986947
987001
987200
987762
987792
987882
988223
988478
988639
988692
989319
989471
989588
989614
990077
990457
990533
990625
990916
991110
991212
991348
991515
991526
991621
991650
991696
992020
992529
992556
992654
992881
993172
993413
993427
993447
993592
993686
993687
993735
993819
994192
994375
994816
995025
995133
995150
995213
995345
996279
996328
996533
996660
996996
997467
997850
997986
998082
998224
998806
998852
998886
998932
999017
999228
999740
